101 102 200 1
102 103 300 1
103 104 1000 1
104 105 500 1
105 106 150 1
106 107 320 1
107 108 400 1
108 109 800 1
109 110 900 1
110 111 500 1
111 112 1000 1
112 113 2000 1
113 114 500 1
114 115 220 1
115 116 230 1
116 117 300 1
117 118 500 1
118 119 480 1
119 120 500 1
120 121 400 1
121 122 900 1
122 123 300 1
123 101 480 1
101 201 1000 2
201 202 250 2
202 203 480 2
203 204 400 2
204 205 250 2
205 206 500 2
206 207 320 2
207 208 250 2
208 209 300 2
209 210 150 2
210 211 900 2
211 212 320 2
212 213 150 2
213 214 500 2
214 215 210 2
215 216 150 2
216 217 500 2
207 301 300 3
301 302 300 3
302 303 480 3
303 304 400 3
304 123 250 3
123 305 300 3
305 306 250 3
306 307 900 3
307 308 480 3
308 107 400 3
104 401 1000 4
401 307 150 4
307 402 300 4
402 403 210 4
403 404 320 4
404 405 210 4
405 406 500 4
406 407 300 4
407 115 320 4
115 408 480 4
408 409 300 4
409 410 480 4
410 411 300 4
411 412 900 4
412 413 400 4
413 414 430 4
414 415 150 4
415 416 1000 4
416 417 500 4
417 216 900 4
209 501 320 5
501 502 320 5
502 503 430 5
503 504 210 5
504 122 320 5
122 505 480 5
505 506 300 5
506 403 320 5
403 507 300 5
507 109 1000 5
601 602 150 6
602 121 700 6
121 603 500 6
603 604 300 6
604 605 430 6
605 606 480 6
606 116 320 6
116 607 250 6
607 608 500 6
608 609 700 6
609 412 320 6
412 610 1000 6
610 611 700 6
611 612 700 6
612 613 150 6
613 614 430 6
614 615 500 6
615 616 700 6
616 417 480 6
417 617 320 6
617 618 300 6
618 619 250 6
619 620 700 6
620 621 320 6
621 622 480 6
622 601 150 6
202 303 1000 7
303 503 700 7
503 601 500 7
601 701 430 7
701 702 150 7
702 703 600 7
703 704 700 7
704 705 250 7
705 706 600 7
706 416 300 7
416 707 430 7
707 614 480 7
113 801 600 8
801 802 1000 8
802 803 700 8
803 409 600 8
409 608 500 8
608 804 700 8
804 805 150 8
805 806 210 8
806 705 600 8
705 618 250 8
618 214 700 8
112 901 600 9
901 406 300 9
406 605 210 9
605 902 480 9
902 119 430 9
119 903 1000 9
903 702 150 9
702 904 500 9
904 621 250 9
621 211 300 9